4000
261 4740
335 4581
877 4176
713 4213
851 4716
109 4110
632 4230
867 4833
502 4819
897 4730
794 4264
318 4638
239 4585
355 4349
209 4598
475 4554
418 4354
197 4945
891 4589
846 4040
266 4069
712 4017
563 4865
851 4127
725 4086
385 4823
395 4325
719 4322
398 4933
574 4648
48 4341
375 4374
365 4845
391 4994
437 4805
754 4767
718 4413
698 4357
664 4199
74 4050
598 4474
551 4527
667 4697
855 4220
629 4092
592 4094
252 4188
143 4402
102 4100
242 4410
402 4183
551 4567
79 4213
322 4815
26 4114
81 4034
130 4288
506 4032
430 4043
352 4677
61 4861
65 4271
730 4548
283 4391
342 4609
614 4126
238 4995
278 4419
735 4603
278 4874
805 4776
336 4310
204 4430
165 4018
301 4011
359 4141
168 4874
189 4788
281 4044
651 4661
545 4923
475 4337
89 4496
391 4776
553 4248
96 4268
246 4267
554 4823
452 4406
45 4726
320 4233
108 4235
73 4594
796 4277
401 4979
823 4707
309 4194
824 4793
628 4160
534 4201
438 4413
809 4293
128 4114
173 4924
647 4246
34 4884
725 4021
186 4223
873 4853
149 4393
47 4643
462 4969
684 4406
603 4502
559 4906
602 4892
47 4193
817 4198
19 4596
147 4302
576 4888
456 4011
282 4903
535 4547
578 4547
57 4585
338 4771
17 4456
893 4911
618 4961
176 4870
581 4761
813 4051
427 4095
587 4443
253 4588
535 4794
270 4420
450 4623
813 4516
607 4637
24 4021
18 4315
24 4888
340 4822
150 4762
837 4173
705 4289
544 4981
181 4047
493 4062
151 4823
469 4798
510 4910
885 4141
565 4853
596 4449
562 4964
731 4211
3 4856
574 4921
347 4216
661 4845
31 4132
294 4110
357 4679
725 4381
324 4919
461 4331
638 4306
504 4633
527 4148
854 4144
615 4630
846 4539
665 4361
786 4521
460 4427
96 4671
567 4889
33 4861
36 4102
833 4472
242 4195
79 4121
227 4224
386 4955
215 4937
436 4178
502 4332
526 4435
604 4042
881 4302
711 4757
651 4651
644 4265
236 4796
738 4525
695 4927
891 4612
300 4264
881 4071
668 4948
336 4861
543 4680
408 4334
832 4643
134 4180
41 4241
690 4355
597 4698
444 4603
128 4770
615 4340
550 4250
280 4537
643 4920
711 4743
252 4666
215 4736
753 4768
789 4459
282 4963
724 4231
128 4448
426 4632
330 4474
233 4656
708 4239
626 4266
634 4697
269 4747
276 4617
763 4162
168 4615
533 4785
624 4700
205 4324
627 4107
494 4522
646 4101
383 4554
611 4861
736 4120
88 4491
164 4279
444 4205
106 4657
675 4411
551 4037
172 4513
583 4105
424 4562
884 4264
376 4235
351 4557
377 4439
560 4345
395 4649
393 4258
160 4646
693 4148
3 4692
26 4556
265 4262
28 4339
750 4298
488 4199
395 4276
458 4944
167 4492
557 4714
251 4069
495 4950
230 4920
431 4046
625 4425
881 4129
396 4759
315 4907
145 4426
850 4593
548 4120
783 4980
267 4825
62 4516
467 4236
558 4774
475 4665
894 4177
497 4896
900 4333
830 4610
364 4037
369 4527
647 4351
327 4759
241 4818
210 4813
127 4231
439 4329
369 4923
636 4277
587 4164
866 4266
202 4785
631 4019
666 4607
100 4354
482 4945
100 4490
215 4864
268 4414
728 4284
170 4192
665 4913
592 4436
319 4134
31 4405
800 4714
519 4208
531 4095
800 4248
650 4531
269 4874
310 4717
825 4202
467 4597
503 4213
245 4359
126 4057
825 4858
585 4929
556 4372
703 4558
133 4664
142 4195
829 4450
269 4687
60 4410
655 4448
629 4936
706 4590
566 4879
113 4973
758 4596
137 4352
227 4609
622 4658
563 4885
896 4726
881 4895
420 4995
152 4451
57 4424
156 4188
182 4494
487 4514
73 4333
134 4141
320 4647
172 4643
260 4309
339 4511
883 4302
590 4715
119 4047
889 4927
783 4208
119 4722
852 4531
117 4447
120 4490
472 4388
845 4329
677 4992
362 4786
58 4867
874 4072
384 4619
297 4606
255 4924
370 4640
258 4687
110 4802
823 4910
230 4992
276 4182
287 4982
504 4214
439 4921
152 4679
718 4469
298 4965
23 4769
739 4398
99 4216
719 4832
784 4073
237 4743
114 4041
460 4223
304 4311
522 4023
107 4880
242 4743
30 4669
39 4859
249 4682
102 4121
247 4208
436 4183
806 4541
674 4552
282 4898
533 4305
565 4557
362 4590
605 4672
625 4547
818 4162
847 4448
626 4349
638 4060
858 4704
388 4773
811 4717
887 4183
413 4125
516 4684
486 4115
773 4522
838 4814
864 4731
334 4939
445 4665
406 4171
151 4824
491 4417
864 4753
293 4646
542 4156
278 5000
32 4317
124 4345
544 4155
107 4172
632 4653
285 4573
736 4389
281 4265
628 4466
430 4779
390 4928
790 4081
458 4747
247 4990
20 4828
604 4050
522 4379
791 4871
63 4613
758 4501
243 4592
75 4496
120 4869
132 4176
472 4445
831 4994
268 4304
678 4997
476 4793
259 4743
148 4766
838 4537
803 4262
707 4744
777 4500
405 4982
358 4179
615 4777
661 4194
139 4721
798 4971
460 4656
724 4287
372 4269
98 4052
745 4817
556 4809
595 4582
101 4576
347 4605
530 4813
451 4711
713 4127
529 4974
839 4181
508 4629
142 4355
109 4901
804 4005
819 4217
720 4787
665 4188
210 4517
347 4058
433 4569
695 4157
834 4275
653 4465
600 4788
218 4713
470 4670
545 4611
196 4478
422 4769
354 4307
59 4378
226 4207
592 4129
144 4780
31 4748
630 4824
380 4935
36 4164
401 4306
94 4921
425 4217
9 4292
818 4826
572 4468
384 4060
191 4601
628 4270
719 4623
745 4046
563 4668
642 4419
718 4174
744 4309
358 4016
510 4675
260 4463
806 4309
513 4400
417 4652
233 4788
590 4478
503 4086
191 4559
424 4292
217 4412
142 4885
472 4289
603 4251
206 4014
650 4624
524 4765
451 4685
298 4111
774 4209
68 4912
33 4543
16 4256
277 4683
171 4195
517 4574
282 4531
695 4320
142 4325
610 4398
795 4850
241 4340
352 4982
432 4804
143 4110
756 4352
654 4645
706 4780
315 4992
42 4872
188 4044
462 4004
558 4308
868 4188
431 4175
823 4599
21 4680
491 4771
225 4184
62 4675
336 4858
859 4324
520 4877
377 4420
618 4120
395 4155
227 4952
874 4527
677 4477
278 4963
151 4166
474 4943
71 4506
495 4550
207 4442
184 4563
842 4043
651 4342
705 4311
489 4022
33 4670
198 4295
227 4449
823 4958
777 4608
613 4370
770 4916
151 4998
42 4623
359 4332
686 4275
93 4604
11 4113
339 4413
445 4635
40 4555
549 4972
755 4842
860 4814
199 4522
280 4099
765 4699
357 4416
325 4899
313 4928
49 4798
83 4189
606 4109
666 4652
896 4570
568 4217
280 4163
897 4720
740 4373
258 4775
375 4082
750 4184
226 4958
535 4179
658 4959
668 4147
706 4651
578 4135
623 4263
412 4076
170 4869
835 4177
710 4325
153 4444
159 4183
518 4507
683 4679
493 4462
27 4251
429 4163
528 4665
375 4609
510 4620
9 4513
236 4425
427 4633
209 4621
61 4548
222 4233
274 4503
726 4433
91 4636
503 4993
699 4828
1 4401
754 4777
835 4378
479 4706
736 4457
182 4707
116 4828
273 4636
797 4931
331 4880
824 4953
859 4089
87 4002
698 4305
570 4807
731 4780
252 4256
422 4413
565 4098
567 4431
806 4169
360 4549
861 4879
222 4763
721 4694
83 4638
112 4186
420 4993
295 4027
414 4802
73 4618
134 4413
52 4457
837 4376
57 5000
39 4606
534 4325
336 4087
85 4627
520 4527
842 4527
291 4038
433 4279
678 4073
237 4203
215 4400
620 4025
63 4887
377 4668
4 4488
270 4132
276 4888
213 4980
428 4585
689 4992
697 4737
84 4605
451 4441
624 4518
667 4016
671 4251
665 4353
471 4573
750 4962
306 4808
750 4254
781 4952
833 4534
735 4983
422 4755
793 4301
257 4336
15 4897
790 4261
141 4527
302 4646
823 4379
197 4366
142 4141
71 4230
788 4358
131 4627
190 4089
178 4631
728 4437
426 4526
772 4826
682 4331
799 4090
795 4524
124 4411
204 4316
890 4354
634 4823
565 4786
51 4883
875 4517
600 4078
581 4514
724 4330
523 4775
11 4040
888 4945
202 4332
539 4434
485 4309
1 4074
811 4744
276 4201
728 4861
427 4507
357 4410
791 4814
472 4454
525 4904
562 4385
726 4613
177 4890
219 4671
457 4010
313 4430
33 4839
187 4899
366 4483
213 4735
660 4062
837 4873
634 4433
92 4496
719 4893
648 4046
828 4915
3 4662
652 4653
798 4967
197 4868
159 4144
349 4092
83 4375
197 4917
76 4493
237 4460
87 4932
704 4105
773 4140
714 4442
24 4898
835 4568
199 4122
793 4583
81 4127
484 4780
226 4128
865 4955
610 4397
505 4495
743 4106
163 4069
157 4299
737 4251
400 4810
151 4132
354 4060
441 4359
158 4986
483 4922
440 4159
593 4681
197 4189
843 4836
73 4270
73 4031
292 4927
771 4587
578 4535
713 4685
39 4825
361 4677
686 4773
753 4138
427 4270
134 4125
366 4944
677 4339
890 4464
773 4823
267 4937
157 4175
104 4868
752 4461
440 4607
54 4361
827 4833
293 4308
523 4685
148 4584
724 4477
318 4095
240 4234
331 4122
895 4577
606 4220
207 4751
598 4405
767 4328
62 4818
513 4356
166 4061
408 4972
165 4169
891 4851
256 4746
135 4440
8 4186
163 4956
231 4230
305 4175
455 4779
224 4703
843 4035
236 4268
782 4004
22 4797
629 4171
421 4167
188 4620
732 4200
880 4198
885 4479
464 4733
116 4214
129 4695
180 4698
262 4468
739 4427
684 4439
669 4135
323 4810
815 4051
833 4601
284 4069
899 4006
307 4068
368 4885
602 4937
76 4520
174 4450
326 4382
52 4075
829 4239
624 4960
462 4131
360 4170
389 4780
656 4182
516 4937
11 4188
864 4349
168 4965
849 4351
745 4950
834 4315
128 4277
729 4753
625 4562
620 4492
639 4752
860 4918
742 4636
716 4138
628 4893
861 4754
423 4988
613 4658
382 4510
662 4205
552 4911
549 4798
389 4258
158 4105
666 4366
794 4308
527 4891
370 4208
451 4590
833 4324
472 4993
329 4300
76 4958
670 4389
207 4493
824 4885
389 4236
98 4169
190 4519
682 4799
320 4792
871 4285
858 4336
732 4241
155 4807
59 4226
344 4001
55 4583
661 4682
81 4751
49 4347
729 4200
897 4132
351 4540
447 4132
8 4561
331 4632
899 4936
814 4760
267 4857
629 4624
83 4484
856 4542
823 4283
176 4927
264 4326
405 4911
651 4487
452 4296
174 4008
200 4578
360 4185
611 4701
23 4990
200 4171
666 4960
387 4169
747 4651
540 4415
161 4072
119 4022
423 4988
223 4665
142 4985
566 4752
227 4651
337 4441
339 4061
812 4071
778 4157
544 4752
406 4054
871 4057
830 4261
512 4061
442 4526
259 4086
492 4055
871 4499
528 4461
486 4242
265 4694
237 4016
320 4647
653 4375
664 4367
353 4095
638 4475
34 4929
329 4067
175 4559
249 4285
268 4264
405 4761
736 4171
455 4821
266 4073
736 4882
229 4936
695 4766
292 4269
778 4227
761 4666
158 4391
763 4984
878 4270
86 4630
311 4054
622 4419
786 4857
260 4617
506 4264
760 4035
120 4173
566 4776
565 4538
155 4128
207 4560
818 4334
274 4571
780 4911
300 4052
357 4402
634 4671
596 4976
85 4775
337 4646
546 4590
193 4481
822 4673
113 4217
641 4218
739 4657
367 4176
729 4381
307 4613
79 4421
383 4279
616 4946
672 4273
107 4919
720 4162
848 4010
782 4199
292 4018
209 4772
365 4882
15 4128
275 4815
338 4562
50 4727
820 4415
321 4019
375 4030
46 4903
753 4829
40 4183
398 4884
125 4332
334 4554
155 4279
677 4544
529 4036
455 4883
869 4587
793 4958
225 4700
389 4775
42 4233
585 4136
785 4856
483 4673
813 4032
792 4020
23 4108
302 4954
784 4919
282 4740
432 4815
310 4235
723 4212
67 4284
617 4267
103 4791
874 4846
785 4575
187 4030
552 4207
786 4220
665 4330
116 4012
495 4060
349 4851
677 4863
727 4762
603 4769
114 4491
625 4676
844 4804
125 4389
425 4434
373 4842
361 4056
356 4430
885 4056
413 4326
62 4121
368 4601
356 4546
810 4635
314 4830
371 4131
122 4712
754 4718
240 4560
267 4099
134 4831
711 4345
435 4207
1 4637
340 4575
756 4201
142 4390
786 4905
50 4733
851 4455
717 4378
260 4338
627 4954
742 4746
562 4959
482 4280
282 4890
86 4012
361 4163
145 4030
784 4903
611 4897
520 4945
827 4596
542 4164
274 4939
275 4639
201 4934
881 4322
669 4009
54 4064
572 4124
318 4262
383 4915
670 4475
151 4336
521 4120
157 4503
384 4554
246 4435
518 4846
674 4919
118 4252
627 4600
39 4943
612 4505
443 4348
648 4654
123 4849
45 4646
19 4104
96 4883
91 4867
266 4627
605 4858
444 4476
528 4579
411 4979
560 4266
356 4846
558 4202
806 4915
847 4386
831 4032
388 4579
48 4477
548 4953
235 4367
102 4808
539 4326
508 4673
799 4913
497 4957
706 4080
370 4369
715 4018
667 4274
51 4904
264 4235
323 4409
804 4173
56 4128
353 4495
800 4780
1 4630
39 4334
774 4454
866 4464
49 4289
606 4468
368 4656
308 4754
295 4592
172 4582
687 4519
303 4841
394 4607
670 4303
114 4913
35 4946
370 4278
322 4141
532 4834
749 4219
348 4218
424 4072
193 4863
252 4368
877 4148
492 4511
720 4805
128 4217
827 4880
277 4691
599 4264
497 4825
627 4487
609 4913
601 4780
160 4096
457 4102
794 4268
843 4136
409 4162
884 4653
291 4001
894 4533
232 4255
567 4785
697 4122
127 4011
53 4905
261 4250
811 4572
452 4973
56 4849
613 4397
387 4417
496 4720
786 4578
287 4147
850 4278
523 4088
497 4204
518 4601
311 4950
339 4027
516 4810
463 4350
304 4181
176 4196
141 4061
221 4280
360 4325
285 4346
500 4887
231 4392
172 4317
273 4190
615 4752
219 4401
726 4205
795 4288
440 4461
163 4596
57 4323
118 4410
93 4684
755 4183
70 4018
530 4307
613 4961
496 4705
225 4542
165 4734
253 4348
16 4816
314 4905
775 4713
364 4376
523 4284
337 4032
874 4215
306 4966
159 4633
302 4734
739 4614
400 4200
30 4433
805 4057
675 4561
527 4038
851 4431
472 4512
178 4863
797 4677
280 4037
100 4019
796 4850
615 4987
783 4343
36 4163
835 4609
14 4676
220 4174
601 4717
895 4310
729 4472
709 4158
259 4940
58 4937
633 4546
570 4200
834 4516
452 4964
505 4963
541 4888
210 4208
667 4348
850 4221
355 4320
464 4828
4 4870
496 4360
710 4396
163 4084
653 4776
538 4001
633 4676
424 4899
333 4612
131 4638
691 4029
126 4989
868 4993
516 4035
160 4752
875 4910
503 4465
11 4552
773 4873
669 4288
656 4395
831 4192
348 4626
677 4296
816 4955
401 4124
19 4389
715 4073
519 4877
400 4150
365 4678
509 4929
113 4494
866 4655
192 4271
784 4111
811 4915
533 4801
361 4769
534 4051
197 4632
195 4133
121 4777
2 4782
63 4211
67 4966
666 4025
166 4302
404 4998
701 4948
861 4827
248 4563
886 4168
118 4875
154 4010
526 4189
624 4084
210 4905
659 4097
138 4579
191 4376
692 4644
133 4513
478 4197
704 4656
365 4705
613 4576
761 4403
696 4321
566 4758
548 4652
117 4948
569 4462
217 4585
336 4740
571 4680
46 4863
195 4246
804 4656
70 4230
391 4557
353 4869
416 4804
52 4535
514 4719
703 4698
467 4648
527 4321
351 4327
864 4611
583 4123
377 4518
661 4638
645 4669
821 4987
97 4698
31 4428
238 4912
405 4287
344 4384
332 4113
235 4702
335 4814
109 4213
748 4343
484 4025
77 4453
61 4971
620 4469
649 4338
558 4765
239 4879
610 4174
303 4674
90 4130
54 4052
394 4896
845 4452
315 4453
74 4510
454 4349
412 4697
58 4427
654 4136
395 4837
263 4579
499 4340
173 4271
866 4570
644 4059
681 4693
496 4860
664 4099
226 4620
640 4126
198 4318
750 4058
36 4565
73 4068
649 4325
342 4862
256 4018
94 4552
838 4584
855 4033
801 4571
759 4359
776 4112
294 4395
584 4012
178 4952
214 4187
671 4125
685 4699
436 4353
168 4531
372 4303
471 4878
330 4730
266 4212
191 4155
495 4546
240 5000
566 4025
651 4399
505 4037
401 4308
421 4119
39 4311
266 4469
133 4354
193 4728
282 4793
564 4446
462 4066
250 4530
536 4167
853 4921
744 4818
392 4333
328 4064
349 4167
885 4593
707 4865
28 4320
631 4074
553 4862
472 4877
489 4443
4 4916
551 4935
81 4129
412 4174
852 4694
563 4499
248 4686
501 4286
123 4707
373 4232
97 4856
800 4190
745 4850
820 4229
339 4619
62 4398
402 4471
29 4274
275 4051
185 4223
710 4698
20 4523
122 4482
266 4600
179 4559
583 4673
433 4974
433 4908
282 4661
494 4296
232 4809
292 4049
850 4431
892 4810
445 4551
680 4235
625 4134
612 4395
160 4035
606 4183
313 4460
761 4619
530 4618
695 4864
697 4971
675 4231
379 4750
222 4661
416 4716
743 4760
362 4101
108 4769
441 4496
507 4106
672 4408
59 4850
134 4211
632 4335
421 4564
8 4555
387 4612
894 4386
634 4500
579 4602
681 4310
324 4900
162 4621
167 4794
876 4882
273 4978
530 4112
479 4594
493 4978
684 4340
140 4876
642 4652
62 4712
792 4743
687 4794
748 4183
336 4261
441 4725
509 4247
471 4454
132 4522
14 4816
32 4109
7 4278
622 4995
612 4411
82 4298
827 4236
77 4767
773 4473
181 4816
897 4357
586 4753
7 4827
60 4331
357 4228
517 4642
473 4454
172 4342
675 4407
629 4093
713 4883
600 4022
841 4026
396 4569
81 4070
393 4502
14 4715
442 4267
169 4751
534 4673
149 4308
385 4137
295 4516
873 4971
63 4197
435 4704
820 4813
76 4457
848 4615
100 4046
32 4518
590 4468
242 4258
200 4649
181 4601
579 4825
423 4992
238 4431
728 4881
52 4068
706 4431
140 4787
503 4584
492 4993
38 4771
208 4191
5 4362
404 4314
175 4625
296 4812
630 4272
436 4484
739 4749
387 4316
224 4454
119 4225
525 4838
350 4208
467 4069
20 4471
346 4669
489 4058
22 4866
895 4552
127 4865
447 4733
207 4381
176 4864
48 4694
221 4647
371 4931
49 4946
596 4017
791 4126
623 4932
591 4180
767 4357
685 4305
5 4389
216 4214
667 4898
712 4290
5 4871
564 4095
51 4577
207 4650
124 4263
75 4487
447 4513
426 4301
217 4860
737 4622
510 4060
190 4186
847 4244
482 4012
283 4587
63 4125
324 4943
26 4823
204 4558
257 4845
513 4194
227 4785
390 4741
568 4557
563 4798
582 4287
875 4106
336 4791
275 4303
370 4874
782 4668
885 4012
795 4517
384 4610
747 4206
95 4350
668 4958
896 4526
129 4222
703 4854
714 4249
43 4341
714 4766
137 4038
791 4228
718 4945
790 4519
505 4793
792 4144
754 4998
576 4193
158 4654
854 4344
834 4543
847 4187
501 4681
158 4670
666 4938
30 4953
183 4681
461 4406
360 4815
489 4153
563 4139
285 4793
246 4213
638 4902
325 4541
10 4635
222 4189
53 4509
342 4660
87 4380
30 4677
349 4451
177 4303
490 4547
456 4830
112 4301
875 4090
51 4759
466 4230
334 4821
453 4395
542 4436
667 4494
7 4932
213 4944
696 4652
368 4605
581 4219
168 4320
186 4852
728 4708
511 4256
6 4749
238 4363
149 4472
53 4848
412 4665
92 4310
541 4476
889 4375
650 4590
450 4318
846 4756
423 4089
711 4516
29 4544
162 4227
662 4493
464 4054
694 4180
688 4813
432 4285
584 4701
874 4911
341 4598
798 4863
733 4180
49 4465
255 4145
191 4838
578 4739
731 4640
70 4073
120 4426
231 4004
106 4579
442 4340
34 4076
261 4849
870 4847
26 4771
788 4363
787 4436
465 4974
452 4164
124 4346
317 4901
411 4179
490 4384
2 4039
173 4735
96 4183
795 4125
206 4806
713 4355
464 4823
84 4893
197 4484
47 4604
570 4980
16 4029
144 4900
821 4050
654 4226
560 4279
205 4798
65 4447
222 4409
591 4152
379 4234
122 4301
314 4263
632 4307
50 4705
793 4070
244 4644
59 4564
461 4197
829 4762
452 4564
107 4862
14 4500
559 4173
481 4161
675 4925
442 4761
283 4294
78 4382
512 4573
395 4451
454 4281
498 4917
585 4113
272 4572
122 4749
133 4842
592 4149
36 4123
688 4775
37 4902
414 4861
699 4659
801 4613
18 4421
899 4699
428 4250
196 4516
449 4008
163 4468
825 4538
294 4787
625 4660
198 4140
62 4283
359 4718
657 4353
73 4590
110 4607
191 4532
664 4875
790 4445
700 4805
838 4657
385 4917
752 4638
223 4711
219 4485
427 4177
541 4051
503 4004
397 4763
783 4025
442 4265
586 4462
381 4994
285 4569
615 4715
52 4693
837 4183
294 4363
177 4077
56 4882
13 4281
645 4041
697 4314
224 4949
496 4572
885 4919
143 4647
529 4951
412 4239
284 4511
797 4933
808 4665
267 4102
436 4930
552 4459
198 4483
871 4985
649 4230
803 4041
509 4190
370 4106
276 4594
492 4318
21 4211
566 4339
539 4572
652 4203
144 4114
443 4326
606 4387
227 4670
778 4356
365 4467
248 4206
90 4328
398 4672
607 4390
136 4867
263 4239
135 4018
42 4198
256 4344
597 4613
560 4071
326 4295
137 4830
574 4047
744 4978
215 4665
789 4457
487 4488
247 4283
705 4583
116 4577
562 4355
231 4555
709 4320
552 4444
635 4932
104 4977
486 4585
66 4842
627 4143
564 4472
849 4881
254 4728
644 4047
131 4782
878 4908
470 4358
689 4593
617 4646
489 4041
75 4048
71 4142
347 4911
246 4836
62 4336
852 4261
794 4132
176 4485
861 4090
683 4446
583 4802
413 4887
288 4559
102 4328
460 4292
345 4298
281 4819
167 4749
414 4362
495 4753
236 4944
604 4080
73 4358
48 4980
31 4336
680 4414
220 4686
415 4711
163 4862
427 4386
409 4829
849 4089
157 4446
549 4863
581 4226
711 4406
763 4089
340 4570
362 4495
327 4862
856 4050
705 4053
443 4347
327 4564
591 4971
380 4038
136 4072
258 4015
765 4177
305 4654
312 4502
345 4700
494 4451
307 4378
477 4758
691 4067
564 4607
828 4757
211 4176
141 4302
172 4309
471 4844
465 4174
35 4741
367 4979
113 4432
754 4135
257 4604
478 4039
177 4600
550 4541
259 4291
787 4872
745 4597
899 4670
358 4541
641 4397
842 4972
140 4463
720 4297
528 4148
119 4031
445 4708
792 4452
603 4813
559 4084
268 4337
296 4830
156 4268
310 4324
2 4965
224 4801
572 4707
728 4110
488 4138
538 4781
384 4469
626 4426
707 4446
633 4646
293 4060
583 4822
105 4821
444 4116
644 4708
645 4212
669 4604
234 4362
239 4038
58 4162
63 4343
184 4887
774 4982
135 4113
417 4212
280 4649
143 4325
76 4094
619 4070
326 4109
691 4664
493 4444
204 4076
689 4176
355 4678
554 4480
531 4327
2 4609
808 4822
537 4267
135 4279
374 4828
615 4639
327 4092
291 4807
639 4137
73 4095
599 4188
295 4436
71 4955
268 4476
706 4096
785 4282
517 4610
396 4310
856 4514
345 4327
301 4081
475 4131
418 4224
21 4622
97 4592
106 4521
762 4828
549 4453
271 4315
129 4768
226 4794
665 4735
224 4778
419 4861
441 4997
146 4675
696 4135
728 4649
896 4883
593 4283
619 4699
169 4951
82 4428
664 4766
129 4633
528 4913
457 4807
466 4159
171 4441
597 4380
638 4004
895 4284
364 4622
646 4296
465 4139
14 4967
173 4816
283 4417
151 4804
218 4656
426 4187
687 4832
367 4581
206 4433
646 4687
882 4027
53 4576
232 4521
831 4398
304 4272
894 4049
309 4722
672 4833
373 4278
390 4452
148 4811
157 4555
635 4933
556 4781
519 4542
318 4740
433 4289
354 4199
753 4163
528 4527
584 4498
878 4118
523 4003
771 4004
428 4079
746 4852
374 4094
258 4911
468 4647
885 4752
494 4413
530 4120
811 4142
504 4810
438 4089
400 4833
100 4686
173 4832
521 4907
738 4651
347 4227
264 4933
535 4473
782 4265
22 4966
473 4820
739 4847
475 4715
413 4587
527 4329
587 4660
302 4972
769 4035
168 4361
754 4473
122 4692
93 4851
682 4301
729 4093
856 4224
632 4371
604 4531
313 4284
588 4477
604 4880
607 4357
787 4803
802 4736
483 4306
774 4088
161 4078
410 4649
801 4871
98 4853
566 4738
852 4459
839 4134
555 4876
2 4339
13 4726
491 4604
761 4012
879 4623
276 4214
598 4051
99 4612
265 4041
406 4105
76 4462
776 4630
647 4832
423 4244
887 4014
864 4062
636 4501
610 4311
677 4064
428 4560
423 4632
185 4092
41 4541
380 4519
511 4787
690 4476
294 4824
802 4654
392 4205
463 4914
188 4332
802 4515
804 4433
616 4982
73 4123
312 4015
499 4749
696 4891
714 4376
248 4072
63 4684
223 4778
299 4487
62 4167
209 4100
415 4941
758 4199
326 4874
246 4440
778 4020
892 4134
746 4075
106 4535
153 4732
247 4109
663 4519
505 4971
273 4859
638 4392
236 4088
389 4627
796 4325
17 4680
662 4459
590 4697
388 4842
750 4241
53 4187
830 4653
149 4029
513 4156
577 4788
73 4297
854 4167
497 4886
94 4624
577 4074
836 4202
852 4934
329 4342
647 4557
351 4158
399 4379
357 4478
45 4480
655 4336
219 4116
575 4791
690 4949
528 4446
394 4726
574 4593
342 4371
678 4004
492 4378
504 4275
587 4012
114 4282
495 4973
506 4526
208 4263
515 4267
843 4686
132 4656
33 4392
366 4344
754 4771
439 4330
34 4315
75 4995
529 4148
598 4226
460 4461
205 4357
861 4238
245 4426
631 4659
390 4272
163 4049
889 4191
898 4193
148 4501
637 4363
46 4155
625 4420
389 4343
331 4475
143 4379
407 4177
597 4126
162 4183
378 4186
182 4196
751 4630
365 4414
308 4724
769 4097
571 4229
807 4102
482 4532
641 4766
834 4209
397 4080
139 4903
287 4375
705 4167
894 4303
639 4262
476 4577
778 4221
99 4781
556 4728
614 4487
138 4369
295 4686
827 4677
492 4145
394 4655
233 4706
111 4644
746 4607
289 4119
425 4887
722 4862
886 4379
731 4757
457 4869
518 4657
220 4156
70 4895
206 4992
157 4790
311 4220
603 4043
881 4122
478 4667
714 4907
557 4990
895 4478
518 4642
504 4121
683 4782
65 4262
880 4720
733 4536
457 4081
812 4230
409 4983
482 4295
71 4867
550 4119
224 4485
113 4105
526 4852
176 4181
79 4706
106 4428
517 4672
518 4730
889 4270
479 4466
141 4797
489 4632
650 4585
209 4851
654 4153
788 4282
90 4360
13 4513
291 4609
11 4356
682 4143
392 4331
626 4635
615 4366
649 4409
207 4427
841 4517
381 4918
804 4674
584 4240
50 4291
879 4451
115 4238
470 4316
661 4533
617 4850
570 4719
310 4271
149 4247
657 4525
465 4691
384 4538
654 4008
840 4367
628 4243
782 4221
273 4739
10 4721
499 4277
566 4338
87 4960
642 4840
112 4419
531 4095
370 4148
152 4348
800 4651
300 4328
351 4405
813 4283
37 4037
69 4195
611 4320
138 4748
335 4855
163 4042
597 4291
806 4757
202 4748
180 4524
585 4042
271 4702
478 4504
393 4732
720 4678
93 4691
744 4246
659 4505
366 4689
424 4678
878 4795
647 4301
267 4292
300 4522
302 4816
433 4686
435 4002
864 4777
651 4684
661 4327
358 4394
668 4711
119 4744
724 4064
416 4800
461 4980
680 4905
420 4162
218 4564
350 4382
564 4793
386 4884
803 4162
741 4789
504 4606
82 4097
740 4417
502 4414
564 4921
654 4495
220 4972
284 4313
253 4673
307 4546
481 4540
118 4074
602 4758
654 4527
53 4028
255 4675
76 4366
56 4129
86 4979
122 4737
342 4315
392 4063
279 4125
564 4963
802 4571
851 4012
328 4714
637 4126
194 4238
511 4430
126 4166
194 4467
672 4044
805 4224
28 4144
534 4031
742 4981
665 4136
740 4475
36 4402
130 4287
150 4297
152 4720
142 4553
175 4283
707 4354
809 4210
514 4380
359 4168
467 4285
375 4040
272 4513
183 4886
490 4561
663 4838
245 4663
334 4957
518 4241
280 4717
7 4468
314 4084
855 4394
598 4158
543 4263
229 4714
504 4625
582 4163
109 4886
845 4520
403 4755
148 4398
103 4802
437 4165
228 4627
892 5000
607 4166
170 4585
83 4823
870 4844
44 4147
470 4178
294 4731
82 4841
25 4343
569 4514
292 4309
212 4636
758 4898
891 4247
300 4111
508 4931
217 4040
731 4178
839 4089
644 4163
650 4625
735 4200
370 4964
817 4699
395 4172
258 4252
132 4224
414 4398
194 4055
344 4451
778 4526
897 4933
290 4201
649 4471
790 4975
552 4147
297 4545
631 4405
451 4324
45 4727
641 4612
76 4566
153 4907
658 4829
266 4867
673 4009
158 4576
735 4798
874 4090
333 4520
393 4977
138 4355
261 4082
335 4631
143 4218
766 4286
413 5000
347 4504
301 4639
661 4674
199 4019
845 4370
787 4605
676 4382
856 4866
226 4365
888 4697
723 4717
782 4596
345 4935
404 4462
390 4497
700 4623
696 4330
245 4876
114 4811
553 4922
28 4196
234 4131
658 4677
298 4250
361 4494
371 4908
574 4224
39 4313
259 4822
279 4281
643 4382
62 4330
334 4757
273 4177
525 4882
728 4006
47 4833
123 4085
224 4435
22 4218
233 4843
422 4261
268 4237
781 4406
733 4010
168 4003
157 4263
727 4992
473 4479
556 4046
843 4893
888 4495
757 4375
694 4729
367 4544
429 4769
234 4101
541 4578
560 4178
628 4614
85 4437
355 4899
646 4291
694 4274
318 4105
292 4628
195 4454
404 4870
374 4368
475 4807
253 4724
719 4928
16 4098
315 4555
218 4304
868 4926
397 4485
843 4114
368 4753
733 4791
868 4764
359 4707
589 4004
518 4403
875 4267
413 4633
296 4759
160 4510
660 4188
117 4833
154 4239
893 4897
308 4756
826 4968
459 4467
246 4024
52 4494
90 4938
410 4047
572 4389
467 4815
810 4996
188 4034
460 4820
541 4401
243 4388
193 4135
531 4797
91 4833
278 4884
597 4384
178 4405
456 4089
173 4922
185 4455
511 4381
750 4438
620 4027
332 4763
326 4721
527 4755
505 4371
134 4281
45 4458
341 4212
532 4998
276 4984
437 4925
2 4787
648 4131
622 4395
386 4954
785 4239
115 4027
576 4763
375 4334
419 4712
434 4111
857 4795
872 4738
586 4909
104 4015
599 4883
138 4369
165 4510
6 4212
73 4405
483 4477
362 4306
25 4943
744 4683
187 4803
708 4954
552 4807
723 4095
180 4746
679 4852
665 4351
683 4993
267 4472
454 4161
428 4917
671 4084
824 4574
868 4479
429 4357
841 4233
514 4527
450 4840
729 4532
31 4731
645 4620
834 4953
705 4293
150 4130
810 4835
4 4396
379 4943
187 4401
234 4660
80 4742
758 4029
149 4727
579 4466
825 4482
394 4301
529 4553
510 4520
898 4572
598 4306
443 4102
556 4242
811 4246
45 4090
378 4386
877 4639
440 4063
1 4592
263 4076
208 4838
146 4207
455 4539
546 4544
789 4166
340 4053
277 4957
807 4389
201 4572
900 4033
30 4101
438 4136
649 4744
251 4162
630 4086
620 4256
395 4880
484 4257
148 4238
881 4448
432 4228
430 4420
90 4223
304 5000
140 4961
621 4220
128 4825
114 4883
786 4927
309 4904
337 4190
270 4074
37 4091
472 4855
188 4637
386 4680
424 4477
59 4449
104 4024
341 4541
839 4266
161 4559
381 4054
23 4156
259 4699
875 4903
501 4529
240 4708
838 4757
373 4977
848 4312
385 4418
57 4167
651 4829
313 4383
666 4221
536 4207
557 4714
22 4683
599 4081
809 4061
200 4224
56 4294
839 4397
602 4190
243 4512
320 4249
51 4973
654 4811
191 4230
387 4500
676 4313
568 4687
515 4798
703 4552
653 4620
480 4340
869 4148
352 4390
714 4213
800 4727
666 4562
280 4837
167 4721
581 4248
258 4310
823 4913
642 4223
47 4939
166 4905
728 4838
773 4331
288 4817
388 4169
294 4593
329 4828
846 4728
55 4448
160 4879
594 4638
68 4270
792 4403
405 4403
852 4121
649 4218
170 4348
821 4197
460 4840
49 4868
231 4233
142 4086
492 4746
586 4808
417 4474
12 4813
103 4764
684 4999
462 4831
665 4557
99 4078
25 4037
284 4888
157 4852
456 4137
382 4588
230 4266
572 4693
720 4536
837 4376
688 4857
303 4951
346 4740
301 4577
631 4824
359 4204
626 4693
725 4932
423 4267
170 4740
788 4744
13 4866
211 4878
15 4647
544 4364
518 4863
865 4331
158 4782
251 4036
295 4868
859 4136
826 4211
685 4472
739 4694
131 4142
374 4132
21 4852
432 4381
900 4892
224 4588
5 4535
255 4958
407 4314
221 4202
359 4493
309 4833
663 4198
795 4456
672 4678
256 4443
381 4690
5 4781
669 4645
172 4302
276 4116
667 4259
589 4346
738 4140
734 4900
856 4746
121 4480
425 4152
494 4658
146 4387
264 4711
840 4021
340 4766
189 4774
187 4211
696 4588
856 4805
204 4117
162 4995
764 4146
727 4475
510 4823
233 4731
461 4296
24 4148
115 4630
12 4803
686 4057
604 4905
501 4840
548 4934
142 4224
243 4665
811 4954
532 4747
833 4272
529 4798
421 4248
304 4584
838 4761
761 4212
185 4446
485 4250
64 4210
498 4933
236 4651
795 4566
516 4217
5 4383
583 4504
85 4699
81 4533
444 4148
111 4782
653 4669
79 4069
734 4146
666 4509
222 4716
208 4157
37 4817
743 4518
888 4691
460 4600
274 4863
406 4378
255 4546
412 4737
405 4255
789 4288
676 4988
746 4993
706 4926
316 4899
479 4161
295 4373
869 4277
226 4626
395 4189
684 4429
239 4922
514 4590
486 4047
401 4253
339 4294
151 4039
850 4372
433 4872
498 4280
848 4568
156 4913
101 4048
671 4945
5 4566
701 4076
4 4015
555 4126
864 4333
564 4100
494 4937
702 4657
277 4179
562 4484
77 4528
293 4384
462 4642
830 4365
737 4470
509 4973
423 4571
629 4665
6 4463
567 4260
232 4134
623 4360
873 4669
842 4952
838 4563
444 4054
478 4809
435 4326
310 4124
288 4275
357 4881
550 4193
442 4584
451 4634
744 4900
717 4556
713 4466
442 4619
154 4119
840 4003
819 4383
205 4945
212 4892
364 4715
731 4188
466 4700
43 4846
583 4653
376 4350
784 4496
544 4479
711 4695
157 4208
310 4269
295 4450
35 4314
232 4777
467 4549
419 4905
49 4605
682 4115
209 4297
252 4423
766 4081
58 4324
419 4060
864 4607
413 4339
98 4345
694 4230
783 4380
628 4141
201 4750
197 4394
178 4767
517 4734
680 4896
872 4088
812 4228
678 4493
512 4836
864 4268
736 4485
213 4602
525 4804
606 4790
681 4654
313 4189
342 4721
336 4304
275 4727
92 4588
551 4860
391 4627
883 4597
263 4281
109 4387
700 4898
694 4569
337 4810
614 4618
670 4605
718 4503
753 4840
523 4976
578 4471
824 4216
695 4105
415 4278
279 4833
264 4193
894 4590
379 4123
690 4253
477 4874
433 4741
324 4763
55 4627
462 4951
861 4231
495 4747
754 4919
250 4763
437 4667
278 4063
59 4993
257 4168
870 4546
768 4292
306 4308
220 4136
143 4153
605 4318
808 4640
817 4584
287 4947
835 4139
876 4969
808 4151
494 4876
762 4998
867 4925
468 4467
83 4191
241 4621
101 4801
4 4652
541 4256
323 4308
85 4029
54 4936
106 4786
367 4664
401 4075
364 4653
402 4779
412 4276
52 4044
370 4058
426 4547
754 4407
602 4603
141 4742
894 4705
399 4628
459 4776
851 4639
286 4230
539 4473
232 4758
80 4101
226 4944
560 4265
337 4134
74 4164
514 4088
179 4890
717 4650
847 4213
631 4140
41 4047
509 4930
754 4278
628 4510
882 4127
513 4371
657 4350
26 4315
622 4204
126 4275
498 4034
227 4036
607 4949
66 4710
441 4202
75 4649
509 4044
428 4140
244 4532
190 4305
118 4057
505 4864
367 4744
20 4124
634 4741
335 4915
88 4475
138 4529
619 4104
578 4151
544 4333
610 4536
82 4972
218 4349
809 4802
527 4745
285 4872
875 4023
782 4957
794 4747
187 4166
589 4566
102 4016
282 4686
316 4284
228 4941
185 4253
385 4321
894 4287
597 4404
36 4280
320 4405
608 4587
303 4695
882 4146
555 4312
190 4940
527 4572
226 4744
855 4843
580 4825
569 4576
790 4402
570 4972
499 4156
824 4451
451 4181
583 4381
767 4323
718 4327
410 4498
43 4163
207 4866
298 4413
256 4004
250 4784
51 4166
468 4689
623 4710
371 4905
634 4851
872 4465
716 4746
483 4913
694 4144
55 4737
119 4219
691 4324
586 4222
228 4330
590 4700
85 4741
855 4228
365 4742
22 4662
584 4056
626 4590
156 4021
628 4470
125 4993
204 4753
194 4036
461 4541
694 4803
699 4856
91 4697
259 4455
875 4698
170 4731
348 4264
657 4004
36 4506
589 4922
604 4529
623 4178
468 4829
306 4726
332 4168
360 4489
209 4057
497 4097
3 4723
366 4686
629 4319
93 4105
850 4920
670 4272
211 4317
721 4114
357 4228
305 4646
136 4541
256 4049
703 4445
240 4343
818 4524
226 4841
626 4681
284 4600
17 4484
108 4425
682 4364
803 4490
93 4538
740 4532
229 4190
613 4441
613 4001
666 4879
294 4243
264 4406
135 4325
12 4463
434 4209
189 4662
438 4289
155 4169
64 4694
805 4241
791 4898
816 4720
687 4087
60 4459
312 4297
600 4483
230 4770
133 4007
268 4565
72 4908
411 4245
693 4359
752 4278
58 4154
133 4532
859 4365
176 4108
309 4095
900 4423
826 4318
340 4198
642 4067
717 4602
147 4265
783 4027
506 4063
819 4092
511 4972
348 4980
424 4443
896 4336
687 4959
248 4791
633 4249
58 4767
495 4655
533 4454
727 4479
174 4843
346 4021
346 4014
601 4457
100 4885
228 4036
41 4369
887 4901
413 4929
443 4447
836 4629
15 4645
720 4053
687 4905
356 4035
348 4904
393 4501
470 4210
849 4208
266 4793
474 4826
701 4344
275 4871
429 4103
648 4431
556 4204
658 4909
574 4923
430 4050
390 4753
332 4587
313 4774
319 4881
898 4489
742 4344
30 4344
535 4714
520 4016
591 4892
618 4266
718 4097
622 4935
69 4438
347 4597
473 4591
499 4450
449 4744
454 4088
99 4117
812 4306
275 4302
139 4398
861 4717
677 4123
156 4290
248 4245
411 4481
673 4599
846 4474
158 4353
348 4106
875 4730
488 4352
118 4023
265 4715
194 4132
223 4945
357 4274
39 4763
474 4066
98 4136
326 4769
429 4502
644 4181
227 4256
18 4751
63 4861
218 4353
592 4709
11 4930
58 4705
201 4463
91 4587
210 4005
766 4452
709 4268
642 4949
515 4742
554 4608
745 4920
883 4168
357 4760
339 4718
732 4104
165 4326
351 4034
697 4025
789 4589
278 4755
332 4030
884 4144
287 4874
739 4003
896 4243
9 4151
146 4617
43 4114
257 4755
275 4839
721 4327
40 4163
751 4430
146 4905
17 4747
444 4962
589 4894
752 4103
349 4124
401 4713
41 4689
898 4780
296 4560
698 4214
855 4754
215 4518
192 4853
144 4931
339 4159
682 4179
719 4812
409 4166
155 4316
863 4121
136 4209
4 4015
702 4207
270 4741
175 4060
232 4501
307 4410
480 4117
326 4771
565 4256
295 4901
424 4742
557 4070
726 4008
831 4425
299 4127
763 4649
617 4525
522 4262
384 4115
834 4758
361 4757
457 4789
669 4827
203 4496
855 4745
822 4207
536 4858
4 4673
838 4880
4 4220
447 4575
380 4221
71 4075
631 4261
409 4815
531 4245
426 4983
333 4131
562 4440
75 4933
891 4454
209 4037
31 4855
500 4494
185 4623
512 4878
175 4058
73 4957
859 4481
75 4485
263 4351
820 4442
866 4323
482 4243
79 4044
630 4010
12 4424
228 4297
228 4661
484 4661
168 4523
81 4679
660 4233
664 4448
68 4471
855 4389
172 4300
830 4988
809 4978
641 4182
589 4863
823 4446
255 4141
243 4456
295 4268
306 4397
382 4853
456 4614
393 4354
346 4007
346 4525
27 4071
8 4607
493 4852
852 4290
266 4340
39 4953
252 4449
214 4542
34 4469
440 4268
12 4647
51 4566
401 4012
542 4743
814 4273
369 4340
462 4496
721 4511
708 4722
114 4357
497 4748
118 4898
379 4020
447 4547
1 4854
888 4853
455 4610
196 4596
36 4144
820 4087
234 4143
78 4522
458 4810
541 4619
113 4381
411 4186
230 4150
361 4954
37 4719
74 4525
631 4611
406 4047
591 4583
360 4097
796 4155
750 4369
640 4769
636 4200
893 4029
371 4605
846 4797
856 4768
44 4628
648 4137
662 4825
173 4058
497 4077
806 4170
344 4813
287 4436
75 4597
568 4175
5 4326
339 4183
200 4880
764 4740
820 4036
720 4849
609 4435
303 4832
729 4179
22 4948
427 4996
277 4911
809 4341
414 4125
15 4197
322 4456
337 4550
344 4493
867 4892
283 4128
879 4415
335 4084
511 4701
99 4021
747 4341
489 4673
601 4055
622 4324
451 4767
804 4499
149 4251
405 4228
480 4899
534 4836
234 4073
168 4473
707 4745
765 4345
23 4266
579 4754
229 4966
472 4467
18 4047
22 4994
339 4410
249 4504
425 4304
284 4803
82 4922
53 4203
24 4302
572 4775
55 4392
167 4720
772 4538
339 4677
757 4198
833 4009
264 4403
763 4106
706 4919
605 4835
346 4236
344 4629
126 4358
578 4961
86 4099
189 4170
381 4980
824 4281
508 4636
816 4272
383 4438
424 4426
677 4500
487 4211
631 4661
453 4940
38 4566
44 4754
601 4269
508 5000
153 4393
66 4322
875 4926
885 4012
461 4552
557 4081
297 4646
627 4296
318 4585
737 4156
689 4565
4 4643
243 4527
252 4986
663 4511
407 4887
207 4984
484 4567
634 4902
621 4417
684 4151
90 4250
157 4501
288 4714
299 4779
742 4159
459 4046
163 4289
322 4686
420 4573
272 4893
99 4406
156 4383