4000
155 4305
401 4119
550 4357
503 4389
158 4394
667 4282
346 4254
522 4205
349 4325
547 4022
362 4182
548 4119
570 4378
98 4322
364 4208
381 4359
796 4389
146 4252
630 4354
595 4307
140 4342
693 4262
39 4085
424 4086
91 4337
236 4100
510 4025
194 4175
667 4271
193 4016
385 4334
10 4018
609 4331
125 4327
600 4155
269 4038
137 4166
50 4217
48 4378
510 4294
466 4243
115 4364
216 4314
754 4129
414 4076
310 4121
743 4380
547 4218
147 4363
601 4078
308 4103
718 4200
413 4322
794 4330
348 4132
180 4327
777 4147
62 4164
671 4291
60 4213
716 4201
139 4357
772 4324
48 4213
538 4062
302 4345
593 4238
412 4368
79 4274
150 4355
371 4204
82 4095
9 4298
790 4262
796 4395
361 4338
684 4270
39 4044
800 4173
153 4076
317 4314
388 4338
119 4361
608 4197
615 4271
108 4346
511 4249
481 4071
314 4223
644 4248
599 4154
383 4209
71 4084
530 4373
548 4127
582 4103
325 4090
419 4304
207 4367
579 4400
79 4368
390 4264
613 4115
487 4039
355 4395
462 4323
279 4265
8 4314
4 4290
468 4106
24 4051
607 4174
377 4163
755 4122
737 4248
75 4377
332 4365
682 4036
16 4146
461 4006
269 4260
222 4350
292 4015
362 4261
716 4177
373 4337
163 4368
13 4056
130 4191
252 4313
340 4221
34 4312
649 4143
674 4296
550 4047
283 4270
31 4052
731 4371
487 4084
591 4378
615 4279
798 4003
621 4063
534 4239
615 4373
134 4133
113 4101
207 4308
236 4092
181 4378
431 4017
378 4373
225 4306
428 4088
168 4353
318 4112
348 4079
661 4071
416 4150
356 4025
338 4189
90 4037
672 4296
793 4391
349 4383
491 4387
340 4384
752 4052
445 4343
251 4214
398 4093
318 4064
340 4398
547 4151
450 4271
509 4079
40 4064
574 4323
488 4175
42 4071
645 4061
683 4299
477 4037
199 4259
121 4090
271 4229
162 4304
217 4290
118 4110
304 4249
187 4098
11 4377
275 4197
507 4021
529 4369
585 4013
491 4352
543 4090
497 4295
389 4234
157 4355
624 4381
203 4114
86 4062
555 4326
581 4246
148 4357
756 4286
603 4068
442 4132
548 4038
670 4065
697 4127
718 4376
153 4334
180 4336
370 4090
678 4021
722 4316
413 4108
58 4206
392 4326
308 4114
194 4328
423 4102
161 4328
425 4102
593 4266
340 4067
256 4172
380 4163
507 4078
512 4360
569 4375
510 4325
502 4340
748 4255
419 4273
773 4352
284 4205
544 4370
250 4281
263 4378
330 4274
710 4131
701 4335
579 4317
290 4092
110 4372
529 4233
216 4022
73 4125
585 4288
605 4175
396 4056
138 4246
14 4016
492 4271
391 4009
145 4095
471 4023
366 4153
533 4292
432 4130
132 4247
790 4324
712 4214
94 4016
664 4297
61 4359
595 4369
115 4395
87 4169
766 4273
656 4300
46 4026
591 4295
793 4354
123 4112
783 4200
524 4248
785 4080
661 4205
349 4021
161 4322
397 4387
578 4163
193 4083
326 4164
154 4376
171 4250
457 4219
213 4172
359 4034
285 4298
678 4390
331 4351
40 4068
584 4291
239 4196
589 4212
724 4089
609 4039
795 4264
769 4217
71 4396
32 4155
554 4041
689 4093
640 4160
674 4297
765 4147
780 4212
388 4362
424 4097
410 4356
772 4231
314 4065
406 4323
393 4240
625 4321
525 4325
662 4103
794 4382
44 4242
77 4133
211 4118
509 4168
533 4096
622 4168
350 4078
295 4399
302 4113
775 4357
684 4241
212 4004
445 4146
596 4187
309 4247
447 4016
110 4116
308 4330
599 4232
588 4205
462 4346
300 4263
721 4082
607 4075
49 4380
547 4204
777 4009
354 4300
622 4279
260 4213
743 4066
35 4072
94 4186
607 4388
471 4103
467 4362
480 4250
520 4095
586 4118
8 4193
24 4159
566 4381
277 4242
540 4160
555 4277
325 4300
593 4064
428 4334
741 4236
276 4190
282 4091
122 4263
307 4345
168 4215
753 4225
76 4041
9 4259
72 4337
538 4244
106 4199
317 4246
799 4153
478 4314
580 4266
138 4131
253 4383
745 4253
682 4219
334 4206
438 4377
717 4235
337 4298
428 4094
97 4256
797 4087
373 4123
587 4305
154 4273
371 4311
689 4259
150 4278
673 4318
428 4036
489 4127
730 4289
217 4203
102 4109
1 4030
683 4266
713 4258
521 4100
3 4354
254 4382
798 4239
411 4079
541 4019
208 4029
104 4052
426 4152
800 4235
670 4330
728 4054
486 4270
259 4219
43 4047
553 4398
131 4274
350 4037
414 4118
436 4394
316 4138
367 4208
257 4081
345 4041
587 4242
24 4183
35 4274
125 4226
370 4134
351 4138
55 4291
615 4238
342 4297
76 4300
434 4096
34 4185
638 4337
783 4339
81 4008
30 4149
56 4105
184 4059
81 4081
495 4119
149 4013
700 4275
372 4129
300 4072
488 4018
631 4126
323 4148
498 4197
714 4252
453 4212
135 4301
190 4304
697 4037
583 4207
271 4381
22 4268
341 4348
644 4142
589 4302
737 4133
97 4212
742 4085
600 4347
394 4086
40 4385
121 4282
683 4021
321 4241
565 4095
111 4186
709 4160
90 4379
250 4075
638 4002
8 4131
589 4125
554 4215
288 4167
154 4012
724 4308
703 4170
51 4255
135 4346
687 4065
341 4398
503 4149
572 4273
451 4394
45 4320
50 4105
269 4249
119 4151
235 4195
399 4013
784 4175
86 4022
280 4334
251 4057
96 4163
17 4248
129 4090
679 4264
348 4056
218 4226
214 4277
233 4153
357 4168
521 4221
139 4113
282 4287
163 4045
346 4294
570 4197
217 4001
193 4072
301 4334
224 4315
71 4251
492 4094
773 4123
636 4129
553 4203
728 4006
522 4213
755 4057
265 4068
635 4109
135 4154
302 4312
789 4319
48 4050
268 4139
442 4042
31 4053
341 4010
429 4268
615 4060
27 4231
45 4397
513 4376
298 4209
420 4326
287 4263
581 4043
156 4222
791 4299
629 4152
342 4374
728 4334
23 4400
798 4309
698 4319
513 4111
487 4132
13 4388
88 4126
505 4083
339 4283
248 4020
380 4097
171 4400
232 4012
281 4147
116 4296
514 4352
663 4338
112 4005
693 4298
79 4017
214 4156
511 4100
534 4287
104 4118
126 4012
717 4235
692 4259
643 4212
398 4315
516 4377
76 4361
191 4246
647 4036
307 4196
356 4166
92 4346
238 4037
524 4100
675 4146
382 4114
237 4177
103 4004
277 4011
430 4356
627 4257
125 4068
680 4225
408 4171
687 4014
142 4218
497 4155
750 4323
505 4264
380 4300
199 4400
547 4336
9 4322
589 4007
295 4031
241 4056
573 4131
205 4188
782 4088
500 4164
279 4311
553 4253
291 4032
141 4035
509 4045
246 4292
394 4113
800 4039
760 4182
264 4301
434 4008
311 4262
406 4028
59 4247
168 4278
764 4235
168 4393
686 4231
577 4367
482 4066
260 4075
226 4245
245 4317
733 4144
259 4247
127 4317
254 4062
133 4024
708 4115
432 4239
189 4098
88 4279
776 4234
322 4191
629 4366
309 4361
116 4268
73 4070
270 4316
193 4097
723 4187
379 4303
275 4153
326 4214
49 4383
243 4331
533 4021
47 4128
481 4339
656 4286
486 4006
653 4223
87 4326
275 4160
286 4150
53 4340
718 4363
36 4348
154 4240
128 4102
676 4345
685 4004
312 4087
42 4335
505 4092
350 4075
284 4367
531 4188
596 4034
359 4217
110 4194
609 4209
126 4255
545 4187
441 4157
603 4386
453 4329
358 4385
45 4208
432 4219
90 4333
276 4302
159 4065
654 4185
115 4136
398 4123
324 4329
780 4270
778 4062
571 4133
57 4102
576 4193
764 4055
101 4042
446 4263
297 4124
522 4189
251 4384
215 4020
423 4269
700 4256
368 4270
10 4371
510 4149
153 4338
409 4144
387 4116
791 4044
401 4059
563 4023
594 4006
479 4091
307 4005
59 4151
684 4287
262 4192
55 4241
787 4296
678 4072
768 4333
213 4321
4 4390
414 4302
551 4154
12 4028
631 4257
338 4355
472 4222
764 4382
795 4014
166 4091
786 4266
364 4324
482 4115
642 4320
314 4271
69 4004
67 4350
721 4174
217 4099
789 4275
570 4079
420 4135
732 4048
461 4301
227 4090
461 4128
467 4068
163 4162
451 4023
612 4306
627 4242
81 4067
223 4385
422 4378
373 4351
276 4296
547 4074
785 4106
436 4358
718 4173
733 4277
233 4230
434 4165
4 4289
767 4154
534 4295
116 4382
225 4006
768 4230
100 4364
193 4311
465 4339
475 4201
641 4164
520 4106
231 4053
526 4054
546 4196
311 4390
119 4233
445 4262
415 4215
644 4027
157 4340
237 4101
498 4250
712 4306
596 4108
169 4132
733 4108
575 4307
320 4220
33 4005
161 4036
105 4365
325 4308
6 4274
295 4138
300 4338
685 4342
207 4327
730 4060
752 4360
326 4122
23 4019
331 4043
385 4202
545 4139
316 4331
140 4252
753 4212
84 4344
545 4295
150 4264
660 4170
665 4068
397 4275
739 4188
258 4290
461 4295
266 4223
244 4073
24 4229
690 4362
647 4175
77 4325
246 4147
109 4126
631 4076
84 4136
163 4076
201 4230
400 4065
469 4096
69 4375
754 4217
108 4383
545 4142
489 4287
283 4225
171 4393
362 4103
1 4144
665 4094
207 4313
169 4100
65 4335
613 4260
511 4121
696 4082
513 4223
510 4073
293 4251
569 4162
703 4301
69 4152
176 4018
557 4234
58 4277
95 4240
658 4214
541 4066
151 4187
438 4374
707 4020
693 4216
576 4035
280 4062
476 4156
419 4348
576 4393
406 4054
285 4129
317 4005
648 4378
390 4140
8 4396
472 4219
365 4168
194 4275
67 4009
498 4235
200 4074
231 4242
218 4040
265 4118
212 4314
439 4196
603 4014
97 4209
692 4373
664 4393
120 4322
162 4247
234 4143
147 4388
712 4385
120 4114
385 4300
117 4283
455 4122
210 4294
772 4008
561 4027
401 4242
355 4070
101 4320
604 4017
235 4368
612 4237
215 4135
47 4289
538 4386
495 4199
756 4066
233 4082
362 4199
550 4101
440 4348
42 4016
264 4291
10 4284
580 4034
185 4314
232 4287
388 4118
156 4232
160 4242
544 4134
128 4304
392 4051
363 4319
555 4345
620 4267
23 4333
108 4254
711 4188
414 4187
120 4228
665 4077
632 4310
588 4187
191 4315
332 4094
611 4389
753 4214
135 4199
770 4394
627 4215
718 4287
586 4259
30 4284
343 4098
455 4379
106 4109
579 4113
194 4013
610 4306
683 4327
93 4319
618 4293
172 4049
310 4246
632 4395
74 4074
307 4267
120 4118
327 4001
160 4303
781 4099
545 4277
383 4256
687 4349
752 4179
614 4372
90 4235
158 4400
119 4233
607 4361
180 4361
535 4297
452 4373
138 4127
305 4054
41 4362
376 4156
70 4196
213 4320
455 4317
572 4280
729 4250
715 4219
262 4206
60 4294
202 4135
191 4318
323 4140
743 4214
743 4166
515 4147
539 4012
688 4062
737 4291
653 4042
177 4293
336 4183
459 4354
343 4135
203 4053
194 4127
63 4025
223 4080
789 4267
677 4166
696 4209
357 4400
445 4331
701 4001
25 4313
240 4278
245 4302
467 4266
261 4339
104 4263
725 4063
48 4301
613 4278
317 4311
694 4191
614 4076
485 4394
415 4388
24 4081
360 4221
503 4111
452 4204
125 4207
525 4343
14 4358
37 4338
683 4099
656 4184
36 4374
33 4333
174 4399
211 4194
149 4184
121 4041
19 4134
343 4345
34 4059
658 4116
750 4288
101 4167
591 4354
598 4049
438 4106
745 4184
773 4353
244 4249
36 4259
658 4206
689 4372
123 4373
343 4368
595 4398
35 4295
738 4229
371 4266
453 4225
719 4399
260 4204
221 4171
675 4341
752 4048
636 4386
128 4084
780 4201
96 4276
685 4017
684 4249
261 4308
449 4251
189 4312
402 4243
436 4175
151 4261
277 4363
745 4094
6 4070
460 4122
450 4289
108 4361
298 4139
683 4082
119 4197
537 4313
116 4003
741 4318
489 4053
339 4198
538 4343
431 4173
754 4374
289 4187
730 4052
578 4231
271 4222
205 4026
467 4348
57 4198
354 4184
6 4374
167 4387
502 4151
400 4260
415 4088
448 4194
158 4254
675 4005
46 4171
71 4039
473 4096
202 4305
590 4192
206 4227
211 4295
532 4340
701 4298
424 4027
382 4337
665 4029
638 4147
748 4328
589 4160
177 4175
343 4213
54 4087
538 4396
26 4273
372 4050
133 4378
1 4141
246 4079
3 4157
190 4133
546 4081
43 4039
23 4190
359 4049
707 4204
642 4093
485 4194
333 4188
588 4339
745 4120
42 4136
735 4039
202 4128
273 4066
675 4133
304 4247
428 4225
176 4059
659 4241
665 4228
585 4393
704 4183
320 4200
661 4301
600 4062
542 4188
54 4331
260 4051
214 4281
267 4357
579 4124
72 4346
580 4137
687 4210
441 4069
715 4011
582 4031
177 4261
463 4337
695 4228
38 4195
512 4374
576 4257
123 4326
430 4015
238 4224
555 4137
461 4149
177 4143
16 4097
274 4257
291 4076
355 4151
127 4158
443 4117
185 4199
189 4333
505 4398
49 4389
142 4343
698 4378
705 4058
548 4357
775 4210
220 4301
283 4051
101 4029
107 4304
648 4344
497 4060
459 4362
517 4255
165 4161
784 4027
721 4172
228 4224
257 4242
171 4140
182 4215
414 4247
301 4330
760 4015
475 4290
9 4351
92 4266
718 4341
552 4010
641 4068
72 4329
525 4119
679 4400
262 4151
172 4176
694 4303
648 4119
378 4189
267 4175
367 4156
219 4055
711 4368
584 4198
768 4258
601 4077
439 4381
267 4012
56 4184
188 4376
186 4117
195 4044
105 4264
482 4221
99 4364
158 4210
104 4195
303 4116
555 4317
435 4051
238 4059
199 4217
525 4276
505 4019
90 4151
184 4252
713 4050
205 4268
556 4130
494 4354
642 4236
271 4205
555 4172
764 4082
319 4092
422 4329
640 4040
474 4072
749 4303
792 4180
313 4236
673 4021
251 4309
402 4138
615 4292
465 4061
669 4341
358 4392
288 4111
748 4232
778 4390
40 4368
62 4288
793 4321
222 4247
560 4025
670 4142
578 4154
377 4232
315 4365
162 4261
22 4294
509 4382
298 4362
752 4291
647 4030
308 4147
578 4129
144 4172
237 4125
424 4132
266 4010
49 4391
321 4036
297 4353
592 4126
197 4302
259 4022
459 4336
292 4267
577 4146
20 4012
613 4235
347 4035
478 4052
189 4355
563 4317
558 4317
91 4157
135 4361
116 4377
472 4291
632 4135
416 4052
77 4179
700 4291
508 4226
636 4267
101 4325
316 4271
432 4240
306 4027
551 4332
771 4060
514 4105
59 4003
643 4248
156 4326
164 4328
438 4008
557 4159
537 4075
10 4204
7 4354
444 4299
45 4347
463 4264
723 4301
396 4375
434 4015
624 4147
773 4314
413 4278
196 4191
271 4041
45 4123
721 4092
643 4026
625 4104
348 4314
210 4099
85 4242
705 4244
745 4386
106 4215
34 4380
203 4019
367 4388
329 4314
438 4341
578 4081
396 4308
163 4033
515 4008
315 4205
451 4266
303 4246
509 4153
175 4347
219 4097
521 4356
412 4189
157 4208
31 4235
561 4110
253 4224
230 4281
60 4219
138 4072
577 4350
655 4005
582 4106
59 4123
748 4314
642 4134
466 4163
146 4342
135 4298
301 4324
637 4006
476 4120
767 4120
385 4026
676 4393
366 4135
4 4275
436 4086
10 4210
511 4124
427 4348
288 4045
150 4190
619 4116
428 4025
99 4293
594 4366
274 4369
165 4134
349 4281
461 4373
502 4151
501 4063
532 4121
217 4363
225 4271
289 4343
179 4280
302 4364
509 4359
339 4356
134 4028
518 4122
155 4384
54 4033
512 4273
670 4151
300 4287
27 4330
566 4134
123 4396
267 4397
439 4147
194 4350
3 4181
721 4392
771 4162
704 4097
32 4162
382 4031
699 4113
148 4345
800 4295
311 4313
767 4013
610 4133
56 4253
99 4366
437 4169
564 4297
732 4383
621 4365
388 4252
120 4219
168 4350
422 4276
123 4030
608 4056
155 4286
319 4267
328 4383
416 4349
183 4119
787 4282
2 4081
467 4239
450 4388
411 4270
512 4121
278 4036
232 4231
568 4057
607 4337
395 4359
278 4115
109 4190
575 4169
56 4200
512 4129
257 4249
774 4081
198 4121
220 4396
322 4069
348 4097
354 4306
101 4324
381 4180
654 4082
31 4254
90 4287
327 4298
364 4194
146 4188
28 4291
439 4274
523 4163
565 4271
147 4045
553 4056
3 4268
677 4110
330 4062
157 4190
593 4135
515 4165
14 4248
22 4135
342 4210
54 4002
787 4294
92 4206
566 4350
296 4137
79 4193
634 4400
699 4019
453 4080
445 4123
320 4398
208 4170
63 4163
251 4025
674 4189
678 4033
365 4018
652 4336
376 4358
690 4059
263 4254
567 4335
796 4037
684 4093
107 4368
614 4262
431 4190
242 4082
475 4082
8 4055
596 4179
67 4104
541 4131
496 4332
146 4079
229 4001
58 4311
340 4384
599 4207
799 4130
479 4213
110 4180
112 4116
127 4231
31 4232
798 4188
498 4098
694 4094
399 4159
294 4335
628 4260
311 4248
553 4348
365 4059
339 4118
476 4299
458 4008
253 4255
621 4201
289 4338
564 4382
645 4383
358 4307
134 4267
268 4268
503 4115
645 4124
689 4136
668 4261
651 4328
440 4049
266 4127
114 4066
794 4110
44 4037
573 4250
416 4188
676 4280
118 4267
220 4184
26 4115
747 4015
717 4398
475 4394
475 4330
245 4367
462 4218
82 4006
1 4280
366 4281
471 4384
286 4280
684 4121
259 4128
620 4149
544 4332
3 4140
393 4028
565 4147
700 4213
559 4323
340 4233
797 4007
59 4121
221 4341
640 4344
788 4177
490 4162
544 4079
108 4221
270 4088
185 4127
141 4238
281 4352
707 4003
189 4145
254 4391
463 4093
333 4241
558 4319
560 4384
25 4228
13 4049
169 4067
357 4372
36 4170
742 4091
79 4314
66 4291
228 4037
64 4070
357 4071
114 4111
655 4292
326 4175
626 4240
417 4032
608 4133
265 4073
4 4384
129 4369
438 4220
507 4135
460 4132
585 4065
690 4275
84 4387
509 4366
433 4275
60 4020
433 4075
240 4389
439 4398
382 4305
560 4223
259 4274
286 4222
775 4237
469 4132
341 4181
490 4049
362 4001
552 4100
108 4398
197 4363
61 4248
404 4235
496 4197
796 4178
347 4338
714 4043
493 4018
66 4339
258 4228
732 4266
437 4021
653 4283
181 4295
514 4319
475 4368
468 4174
155 4117
761 4024
217 4056
631 4324
542 4335
575 4183
555 4264
759 4343
397 4378
696 4256
114 4013
761 4327
58 4317
620 4093
786 4267
360 4262
605 4357
518 4346
148 4086
208 4172
16 4177
23 4025
484 4282
68 4083
80 4150
497 4223
660 4372
152 4028
610 4204
748 4342
344 4151
168 4297
588 4366
197 4377
392 4136
271 4145
24 4191
570 4123
545 4178
113 4224
501 4288
367 4128
228 4211
82 4051
533 4139
12 4321
405 4301
636 4208
783 4363
444 4124
478 4085
316 4252
127 4081
496 4035
489 4279
261 4083
129 4208
538 4265
522 4273
781 4053
154 4082
755 4024
787 4228
523 4371
47 4369
341 4269
221 4038
351 4357
396 4063
609 4185
229 4210
234 4103
639 4079
442 4066
237 4326
402 4136
218 4137
552 4209
663 4004
639 4154
276 4090
503 4162
398 4226
737 4276
776 4098
21 4007
733 4058
295 4371
180 4340
376 4133
693 4266
745 4292
636 4121
149 4277
396 4229
543 4172
5 4142
10 4356
408 4145
744 4145
314 4225
341 4100
728 4071
260 4334
11 4215
634 4136
172 4054
58 4371
329 4329
385 4396
408 4032
339 4098
747 4083
438 4107
772 4283
797 4051
139 4260
39 4263
63 4289
362 4257
362 4001
745 4085
503 4209
206 4203
328 4034
500 4301
611 4236
452 4324
685 4019
66 4175
506 4361
137 4340
547 4132
725 4073
377 4385
447 4324
569 4009
270 4290
417 4147
235 4006
34 4187
502 4002
406 4226
184 4394
244 4165
504 4087
513 4322
82 4170
713 4248
69 4338
303 4222
76 4207
481 4327
367 4263
560 4277
475 4186
222 4348
559 4209
153 4312
56 4172
423 4050
160 4012
322 4174
770 4190
582 4392
577 4201
328 4097
761 4362
682 4324
662 4158
140 4270
68 4399
645 4093
711 4003
403 4072
172 4242
463 4112
576 4150
516 4086
319 4135
609 4061
783 4248
365 4160
431 4332
667 4375
10 4126
254 4326
176 4159
127 4039
358 4400
396 4106
349 4307
243 4169
257 4173
240 4353
499 4095
355 4030
25 4261
518 4165
660 4350
701 4072
402 4158
590 4006
742 4096
499 4385
405 4288
366 4244
721 4392
284 4117
43 4089
493 4103
293 4108
724 4115
70 4297
410 4088
273 4265
759 4016
760 4247
227 4133
589 4396
234 4004
250 4123
31 4112
306 4073
50 4395
39 4177
100 4321
764 4104
154 4149
318 4012
529 4367
111 4146
658 4118
771 4257
102 4155
591 4393
43 4182
94 4296
7 4198
198 4046
540 4387
379 4319
509 4053
130 4329
32 4106
201 4070
148 4372
565 4084
53 4002
187 4020
606 4353
339 4080
447 4385
234 4272
463 4348
215 4094
67 4325
368 4297
191 4078
254 4215
780 4109
783 4367
267 4031
138 4022
41 4172
328 4071
724 4366
769 4232
141 4221
36 4315
126 4172
652 4355
110 4282
175 4200
275 4097
248 4252
231 4051
664 4302
542 4166
152 4287
758 4141
210 4084
432 4362
769 4283
126 4176
662 4097
350 4142
620 4115
230 4345
798 4052
448 4312
440 4078
56 4214
236 4316
83 4163
710 4264
483 4332
417 4033
793 4237
443 4111
346 4052
774 4122
372 4056
449 4119
690 4378
71 4180
655 4282
710 4055
200 4349
563 4113
565 4237
796 4153
633 4386
765 4199
695 4016
407 4189
680 4257
766 4397
362 4276
146 4327
731 4389
625 4113
327 4128
714 4093
382 4288
405 4005
746 4093
546 4346
735 4246
335 4061
787 4186
797 4205
720 4013
133 4035
776 4089
71 4123
297 4099
324 4020
625 4368
397 4392
131 4312
154 4304
346 4170
576 4114
254 4208
573 4173
373 4259
629 4103
764 4386
67 4084
693 4080
200 4074
707 4140
263 4035
564 4212
181 4338
415 4140
171 4393
174 4396
318 4155
797 4040
624 4254
612 4212
136 4211
81 4055
224 4296
218 4191
253 4301
690 4022
740 4167
185 4068
139 4338
473 4309
110 4394
430 4331
388 4315
581 4295
369 4231
457 4180
764 4344
186 4309
227 4359
479 4033
206 4380
413 4299
514 4055
616 4135
728 4383
121 4025
397 4393
737 4064
314 4363
158 4164
614 4129
715 4364
443 4271
29 4115
502 4328
363 4171
611 4271
653 4338
745 4381
712 4277
418 4018
616 4050
750 4351
144 4242
776 4387
623 4119
505 4180
787 4354
651 4048
770 4153
769 4133
646 4103
773 4190
489 4116
257 4127
386 4182
531 4275
622 4184
795 4195
355 4010
502 4026
480 4345
80 4151
297 4240
86 4083
210 4111
714 4004
794 4316
378 4369
314 4055
242 4310
637 4339
465 4138
242 4305
314 4127
32 4302
237 4010
507 4001
117 4180
692 4206
354 4304
757 4094
58 4174
332 4066
459 4095
423 4357
325 4154
194 4258
710 4078
189 4071
629 4313
562 4056
339 4249
453 4295
687 4305
509 4226
217 4190
626 4381
217 4378
775 4066
769 4209
121 4102
160 4083
472 4350
729 4089
247 4353
723 4058
287 4064
50 4080
9 4179
294 4071
43 4342
514 4310
305 4197
143 4226
560 4323
738 4271
88 4209
300 4392
712 4284
305 4177
7 4296
380 4138
176 4316
560 4087
108 4046
641 4158
615 4353
4 4353
92 4076
453 4092
786 4109
184 4161
107 4350
402 4178
346 4390
504 4143
405 4227
248 4097
620 4262
375 4278
89 4208
234 4014
568 4188
425 4324
121 4268
193 4258
371 4121
170 4078
571 4037
248 4377
661 4195
405 4171
746 4314
143 4215
636 4182
685 4212
598 4079
8 4158
135 4238
600 4218
272 4333
781 4170
27 4318
607 4208
15 4127
392 4325
738 4220
240 4060
14 4373
777 4243
359 4114
60 4234
555 4325
195 4248
507 4319
665 4314
330 4037
527 4380
787 4388
193 4125
112 4291
616 4030
712 4280
785 4172
328 4365
398 4270
790 4228
587 4145
290 4153
163 4274
701 4311
340 4011
718 4334
177 4114
579 4148
471 4286
677 4041
770 4236
112 4351
800 4081
385 4393
550 4384
80 4387
34 4062
768 4051
177 4165
21 4223
593 4198
37 4383
410 4226
82 4340
201 4171
599 4106
637 4390
353 4073
197 4116
288 4274
409 4081
510 4184
585 4092
367 4316
435 4121
330 4158
377 4179
695 4321
401 4150
73 4239
159 4012
174 4252
128 4341
580 4079
200 4093
46 4366
719 4089
712 4170
40 4226
471 4059
466 4341
517 4045
754 4282
203 4331
160 4212
79 4042
1 4360
305 4298
693 4209
289 4264
50 4083
179 4311
689 4175
181 4225
615 4007
768 4233
535 4131
557 4242
709 4082
618 4341
494 4149
557 4079
535 4120
137 4233
707 4018
671 4317
137 4240
310 4325
325 4109
397 4325
142 4036
657 4236
232 4233
619 4039
539 4149
667 4360
611 4064
651 4373
617 4116
285 4067
82 4192
38 4388
599 4106
671 4303
469 4361
538 4143
133 4097
274 4046
622 4224
262 4116
90 4233
487 4234
583 4335
464 4340
319 4260
278 4079
394 4162
31 4391
290 4010
504 4285
455 4044
98 4342
84 4326
300 4087
562 4384
71 4383
491 4039
54 4262
514 4168
420 4229
225 4016
411 4166
787 4193
242 4366
115 4168
486 4087
293 4301
333 4051
708 4283
487 4189
411 4096
149 4210
55 4359
751 4017
476 4180
272 4047
408 4336
661 4030
533 4022
390 4015
659 4012
340 4341
181 4182
324 4188
731 4375
362 4298
624 4250
730 4133
741 4337
602 4117
637 4187
28 4395
650 4187
171 4226
472 4150
452 4068
457 4334
392 4288
225 4205
270 4171
194 4035
126 4005
59 4068
667 4142
156 4236
608 4393
366 4341
783 4303
353 4362
166 4247
645 4156
628 4116
124 4037
778 4048
624 4091
500 4280
226 4280
586 4343
739 4375
738 4295
262 4177
105 4085
629 4201
562 4197
99 4037
206 4167
354 4351
541 4248
662 4218
643 4347
746 4232
766 4217
129 4011
791 4359
48 4203
215 4376
362 4296
508 4114
27 4225
45 4165
154 4308
426 4137
536 4214
39 4375
350 4357
666 4299
23 4156
275 4152
265 4119
396 4109
74 4216
289 4263
48 4249
770 4311
393 4243
199 4085
396 4158
35 4053
496 4330
27 4009
220 4254
441 4119
319 4095
92 4381
1 4115
466 4130
537 4085
777 4030
224 4348
451 4316
421 4120
552 4303
259 4157
352 4324
400 4355
737 4119
184 4396
197 4344
266 4280
640 4158
560 4326
305 4300
485 4316
23 4276
610 4120
454 4154
377 4392
57 4122
518 4327
266 4237
482 4345
352 4071
570 4057
9 4212
224 4384
232 4005
512 4201
688 4214
502 4083
722 4002
542 4087
51 4120
555 4298
290 4175
669 4245
8 4120
109 4227
385 4260
522 4363
650 4182
489 4015
572 4265
408 4244
536 4005
372 4131
130 4094
540 4079
563 4126
517 4248
714 4357
687 4271
419 4318
376 4299
267 4339
368 4027
147 4115
589 4013
355 4083
416 4143
272 4291
7 4244
496 4274
4 4057
110 4261
622 4152
154 4020
166 4221
611 4181
685 4359
327 4126
180 4081
522 4293
116 4162
165 4058
352 4305
33 4295
55 4237
356 4390
382 4061
523 4356
430 4291
89 4085
745 4230
335 4280
595 4144
413 4332
287 4245
343 4035
263 4341
747 4390
384 4228
722 4057
429 4136
37 4049
243 4354
307 4323
365 4385
560 4126
384 4387
720 4252
370 4062
596 4229
23 4190
419 4277
652 4239
765 4271
424 4190
588 4258
239 4027
124 4155
265 4386
141 4218
51 4154
359 4153
52 4332
301 4123
370 4120
340 4354
581 4309
534 4196
141 4345
610 4222
736 4360
87 4025
295 4207
593 4172
745 4323
610 4210
776 4021
773 4334
139 4361
719 4124
155 4232
134 4266
498 4115
375 4215
784 4216
163 4090
400 4394
314 4230
507 4108
43 4029
796 4222
441 4210
628 4315
210 4196
14 4386
189 4232
149 4180
722 4357
292 4269
207 4070
671 4183
263 4220
577 4363
669 4258
117 4394
530 4213
712 4091
667 4275
95 4133
407 4163
197 4143
736 4038
744 4149
607 4348
101 4094
133 4106
384 4045
439 4282
377 4165
265 4068
732 4304
303 4172
503 4257
464 4140
497 4040
252 4323
57 4151
255 4174
764 4195
214 4182
476 4093
98 4282
413 4369
443 4078
193 4142
486 4068
23 4343
266 4219
496 4170
479 4053
18 4143
360 4221
208 4051
451 4120
698 4310
127 4235
48 4321
653 4398
541 4028
186 4368
34 4031
124 4043
496 4391
714 4024
730 4028
369 4070
43 4145
772 4200
20 4203
404 4365
264 4053
385 4212
235 4291
559 4302
552 4262
700 4006
322 4352
273 4287
590 4024
568 4190
31 4288
461 4264
386 4325
215 4364
139 4087
665 4212
719 4058
420 4376
436 4235
16 4355
326 4183
747 4378
299 4009
144 4043
505 4194
603 4242
70 4254
60 4146
96 4260
778 4242
31 4302
59 4373
248 4091
689 4319
563 4001
663 4293
447 4038
204 4164
484 4097
415 4260
345 4285
252 4174
503 4190
677 4076
590 4134
37 4129
407 4234
321 4041
169 4257
304 4161
80 4093
749 4394
27 4013
682 4234
116 4193
6 4004
278 4288
642 4169
666 4071
497 4159
178 4099
559 4145
794 4289
692 4183
332 4195
200 4055
563 4134
761 4156
546 4226
74 4326
517 4066
79 4082
568 4260
86 4140
279 4003
712 4242
342 4211
305 4106
274 4060
251 4247
551 4251
738 4008
676 4069
164 4146
348 4270
471 4303
318 4266
767 4183
583 4097
192 4062
278 4200
721 4221
289 4093
722 4389
38 4259
223 4226
612 4271
69 4093
459 4258
757 4148
145 4169
247 4222
7 4097
448 4201
619 4031
487 4103
479 4239
597 4233
698 4010
251 4202
94 4350
104 4223
426 4073
602 4108
272 4053
21 4059
745 4155
338 4170
648 4321
538 4082
141 4197
660 4127
251 4175
155 4061
11 4258
723 4207
2 4052
61 4054
673 4207
137 4384
156 4390
171 4046
525 4059
306 4027
425 4080
693 4314
243 4333
654 4095
272 4258
747 4065
635 4173
259 4270
666 4270
7 4111
497 4297
793 4174
533 4188
800 4198
323 4386
764 4169
434 4007
344 4359
487 4013
638 4158
775 4318
239 4253
178 4291
402 4078
110 4228
525 4067
578 4305
754 4032
676 4225
508 4105
181 4008
154 4333
491 4286
363 4131
399 4014
171 4132
41 4109
365 4010
280 4188
457 4183
38 4206
408 4137
124 4158
190 4269
274 4395
230 4177
137 4101
308 4318
157 4221
695 4118
341 4152
702 4394
764 4133
333 4063
309 4207
16 4066
139 4132
655 4250
743 4087
162 4125
261 4147
551 4197
361 4177
146 4052
110 4236
260 4150
735 4243
639 4247
522 4014
696 4053
273 4261
462 4166
579 4158
539 4109
11 4229
489 4137
391 4016
422 4030
92 4084
379 4088
711 4242
185 4077
439 4374
277 4259
409 4002
310 4131
404 4102
204 4252
311 4387
739 4202
400 4256
280 4200
31 4156
172 4115
361 4341
279 4209
369 4137
703 4019
676 4234
72 4023
467 4023
174 4129
775 4250
305 4122
336 4044
144 4153
350 4175
602 4306
532 4141
704 4204
474 4269
239 4328
274 4103
221 4110
333 4152
738 4362
255 4199
361 4119
48 4360
422 4266
436 4305
650 4307
766 4268
213 4175
592 4333
491 4162
662 4228
11 4115
404 4308
124 4264
700 4389
40 4260
645 4296
782 4158
760 4026
466 4308
109 4266
24 4111
182 4077
625 4056
762 4178
21 4332
357 4178
466 4172
477 4346
99 4072
728 4012
709 4061
461 4307
358 4173
8 4310
510 4158
738 4142
643 4165
304 4091
247 4356
602 4244
613 4098
591 4014
173 4394
503 4224
443 4135
169 4324
127 4206
607 4175
184 4108
454 4245
146 4194
250 4039
690 4142
530 4062
239 4316
760 4317
68 4092
28 4242
419 4374
233 4205
460 4300
375 4196
734 4030
3 4166
461 4052
732 4366
693 4055
191 4011
590 4129
230 4382
256 4231
732 4003
121 4227
564 4196
253 4327
602 4138
61 4159
362 4005
363 4262
353 4126
333 4268
369 4315
592 4006
56 4099
606 4022
434 4211
339 4029
526 4032
589 4254
159 4317
610 4133
500 4159
631 4248
10 4095
238 4093
609 4192
479 4300
524 4163
42 4006
621 4135
779 4230
576 4244
591 4166
470 4346
455 4374
709 4181
219 4169
158 4356
161 4016
704 4250
302 4043
171 4356
523 4236
727 4157
300 4047
678 4031
221 4008
151 4250
637 4059
540 4346
80 4097
239 4035
400 4170
160 4304
420 4222
722 4286
659 4024
423 4258
698 4245
601 4178
413 4009
235 4258
251 4020
191 4397
293 4051
425 4151
400 4345
675 4097
392 4400
738 4333
647 4202
41 4290
775 4381
61 4162
340 4303
506 4346
454 4173
516 4201
429 4242
287 4293
398 4151
99 4235
654 4086
138 4117
364 4051
140 4289
755 4109
110 4223
495 4049
470 4283
129 4032
130 4044
14 4210
25 4172
93 4331
705 4314
480 4189
51 4220
658 4398
589 4088
739 4044
230 4341
368 4366
135 4077
598 4060
376 4022
583 4034
697 4002
350 4257
18 4195
80 4086
268 4003
165 4031
418 4387
37 4203
146 4098
598 4194
89 4209
613 4213
62 4084
418 4375
429 4235
529 4220
327 4210
702 4241
631 4054
177 4316
137 4345
226 4101
54 4200
719 4005
99 4347
12 4045
107 4300
26 4235
729 4044
507 4281
251 4130
133 4183
308 4133
405 4154
753 4381
70 4180
734 4292
2 4181
761 4211
375 4114
167 4330
110 4102
197 4144
184 4391
546 4092
618 4026
524 4035
171 4089
360 4371
716 4148
614 4095
791 4374
116 4364
650 4121
657 4091
550 4156
101 4185
547 4164
720 4019
39 4289
352 4206
119 4323
71 4197
525 4252
267 4228
682 4104
768 4373
45 4314
339 4089
389 4328
776 4298
164 4267
487 4382
564 4160
82 4158
46 4146
251 4392
73 4043
467 4386
80 4232
582 4144
344 4397
645 4007
176 4089
291 4259
57 4139
133 4342
440 4325
276 4162
297 4144
341 4249
374 4225
347 4131
233 4154
602 4320
671 4196
351 4094
797 4395
63 4109
103 4234
493 4273
654 4185
560 4120
746 4292
148 4205
169 4334
735 4332
327 4166
743 4006
574 4185
451 4007
31 4360
223 4359
162 4299
84 4046
187 4261
695 4332
302 4058
337 4184
323 4303
687 4022
797 4209
122 4398
584 4121
41 4203
433 4190
566 4241
539 4348
15 4387
15 4100
590 4372
691 4163
651 4140
478 4247
560 4301
619 4239
237 4167
652 4178
205 4360
65 4355
744 4376
298 4292
219 4069
281 4233
437 4330
491 4254
340 4357
760 4075
143 4105
520 4230
341 4033
489 4394
278 4326
799 4072
736 4387
635 4075
749 4086
752 4032
730 4090
545 4261
571 4211
382 4241
14 4362
273 4245
621 4170
788 4290
8 4218
294 4107
690 4188
158 4091
250 4293
158 4170
190 4061
267 4188
699 4057
668 4363
392 4056
338 4374
35 4299
487 4298
300 4249
202 4128
337 4321
105 4391
649 4049
240 4292
101 4086
145 4166
196 4165
772 4127
678 4378
722 4272
644 4159
332 4324
349 4400
130 4337
628 4124
400 4378
152 4158
699 4008
132 4204
413 4393
520 4224
413 4346
231 4102
291 4081
100 4309
554 4110
534 4385
727 4324
579 4048
105 4178
748 4316
17 4103
261 4264
260 4165
745 4087
270 4277
523 4153
618 4059
560 4007
431 4075
347 4065
685 4300
8 4102
345 4237
765 4116
356 4181
542 4081
275 4223
321 4329
11 4310
65 4232
395 4285
374 4202
191 4339
741 4257
561 4196
148 4344
610 4019
769 4214
730 4119
596 4228
637 4051
753 4178
287 4059
338 4295
120 4308
597 4248
27 4155
722 4091
36 4297
336 4028
208 4293
120 4064
466 4314
425 4296
419 4186
110 4296
569 4003
589 4137
92 4322
98 4123
661 4262
779 4143
199 4118
261 4356
66 4053
503 4336
21 4308
589 4098
229 4217
712 4358
604 4255
628 4184
387 4334
762 4124
82 4284
439 4029
711 4324
749 4261
662 4102
568 4157
1 4144
68 4229
72 4379
701 4102
482 4232
134 4214
236 4029
750 4076
97 4347
544 4372
779 4050
347 4213
25 4359
578 4353
433 4228
372 4301
232 4144
253 4162
528 4274
14 4324
49 4048
364 4081
156 4012
165 4075
411 4194
776 4089
525 4315
20 4331
464 4006
433 4269
512 4311
415 4222
96 4080
684 4225
374 4351
106 4259
763 4392
32 4046
627 4101
703 4238
186 4203
728 4115
352 4303
780 4390
599 4185
484 4399
426 4231
354 4166
400 4149
280 4344
257 4300
568 4092
264 4041
107 4231
474 4255
550 4109
550 4015
441 4329
685 4071
490 4383
436 4392
162 4032
759 4093
166 4205
225 4233
361 4016
346 4240
640 4327
95 4345
758 4098
408 4194
800 4352
102 4213
116 4245
572 4362
630 4126
527 4204
435 4232
689 4032
306 4397
794 4323
583 4240
200 4180
9 4188
745 4338
679 4040
566 4199
439 4014
323 4229
623 4381
84 4256
600 4219
530 4140
799 4094
509 4040
77 4317
4 4220
762 4386
404 4063
317 4019
142 4028
103 4225
476 4213
626 4033
292 4104
532 4090
317 4353
312 4013
706 4033
686 4188
614 4046
1 4260
391 4171
650 4092
133 4121
483 4115
52 4301
95 4389
721 4340
408 4031
402 4389
73 4163
193 4390
126 4286
329 4258
456 4216
113 4297
117 4075
234 4200
31 4136
484 4218
675 4230
486 4159
214 4236
445 4013
211 4017
84 4116
248 4130
453 4390
722 4260
79 4135
341 4219
681 4241
273 4266
118 4379
385 4060
281 4379
582 4162
426 4010
755 4141
713 4359
714 4319
211 4094
520 4317
532 4378
156 4216
476 4232
765 4141
308 4255
573 4153
402 4221
760 4112
235 4323
434 4336
361 4308
480 4018
381 4266
709 4321
695 4010
288 4093
724 4201
740 4322
342 4126
457 4293
314 4105
65 4079
551 4053
205 4014
451 4331
16 4296
522 4087
612 4113
65 4286
268 4222
423 4128
714 4394
141 4171
530 4394
584 4272
671 4029
677 4058
549 4006
540 4379
230 4252
424 4377
392 4001
214 4026
711 4210
699 4396
615 4079
619 4393
493 4060
424 4296
399 4039
408 4070
136 4331
26 4103
305 4180
282 4216
780 4084
771 4199
579 4069
116 4182
465 4399
182 4235
190 4332
557 4091
753 4267
205 4009
737 4082
495 4233
205 4024
355 4298
365 4338
232 4355
168 4204
667 4029
103 4202
13 4386
266 4271
696 4308
281 4109
306 4225
254 4126
3 4005
114 4004
436 4016
468 4332
712 4122
673 4232
688 4036
32 4108
313 4225
414 4153
232 4118
666 4185
522 4205
193 4058
453 4368
220 4255
531 4276
648 4099
560 4355
679 4319
433 4319
693 4237
183 4276
350 4366
133 4077
302 4266
206 4202
553 4038
755 4289
508 4347
652 4114
243 4004
388 4175
13 4055
138 4363
493 4216
613 4162
466 4315
295 4170
361 4281
38 4201
481 4068
743 4375
447 4398
123 4309
531 4327
399 4126
779 4262
671 4045
455 4042
715 4031
557 4193
140 4250
286 4344
8 4222
72 4292
68 4107
573 4273
26 4148
132 4169
140 4115
111 4007
535 4252
653 4188
459 4198
544 4050
410 4359
561 4320
591 4175
195 4093
513 4121
421 4008
520 4333
556 4215
176 4313
161 4222
44 4178
246 4147
236 4181
447 4176
529 4034
63 4392
448 4364
320 4238
566 4330
647 4146
475 4226
679 4045
378 4182
53 4383
688 4207
380 4103
131 4138
722 4227
789 4016
586 4392
313 4154
108 4164
197 4069
482 4226
424 4130
20 4079
734 4145
214 4283
417 4015
736 4049
35 4109
606 4154
122 4292
266 4078
251 4101
55 4301
330 4182
527 4350
496 4346
95 4198
46 4255
432 4315
337 4030
730 4009
742 4287
725 4309
592 4316
688 4128
728 4198
325 4222
325 4029
204 4311
492 4172
16 4254
393 4307
607 4304
271 4378
389 4335
668 4178
27 4112
241 4318
60 4306
512 4226
537 4209
582 4315
461 4329
284 4303
51 4126
41 4374
119 4331
378 4249
298 4234
564 4234
410 4340
392 4132
705 4153
329 4021
125 4210
187 4393
64 4052
12 4120
553 4328
775 4035
179 4058
198 4331
332 4126
744 4307
744 4042
676 4119
631 4112
509 4045
596 4090
278 4234
224 4139
616 4040
751 4083
465 4327
193 4227
655 4354
467 4386
718 4147
631 4367
798 4298
289 4088
456 4026
36 4091
194 4180
765 4123
322 4231
205 4198
271 4008
237 4164
414 4207
189 4162
252 4227
733 4127
7 4391
672 4038
546 4148
446 4238
136 4073
457 4303
32 4113
674 4022
242 4340
236 4282
570 4112
65 4192
58 4361
133 4380
437 4270
120 4169
697 4222
399 4107
508 4299
453 4323
75 4175
78 4258
479 4300
652 4289
752 4120
134 4369
462 4248
245 4303
750 4316
33 4090
386 4044
108 4200
781 4033
301 4197
341 4231
351 4046
58 4241
763 4189
229 4206
196 4102
388 4123
193 4225
214 4153
16 4201
2 4096
409 4148
653 4019
641 4180
203 4070
448 4318
213 4174
181 4280
124 4041
792 4312
93 4142
464 4267
342 4101
294 4068
792 4313
218 4293
317 4317
533 4066
59 4014
95 4004
634 4183
529 4028
227 4202
781 4201
538 4174
461 4267
13 4228
282 4169
461 4127
734 4336
572 4291
187 4156
519 4028
93 4108
407 4354
78 4305
3 4044
617 4312
232 4067
657 4089
187 4200
514 4110
542 4233
776 4055
753 4208
624 4221
107 4092
795 4038
362 4036
58 4090
135 4345
598 4019
461 4155
527 4170
747 4095
776 4223
584 4240
480 4184
407 4100
36 4383
683 4176
323 4101
621 4302
579 4123
651 4141
178 4083
755 4138
63 4050
353 4046
426 4057
501 4296
441 4356
200 4045
333 4355
641 4253
117 4039
771 4392
641 4175
777 4352
537 4131
53 4208
623 4112